   7       0 loop0 14 0 34 21 0 0 0 0 0 32 21 0 0 0 0 0 0
   7       1 loop1 50 0 722 875 0 0 0 0 0 888 875 0 0 0 0 0 0
   7       2 loop2 296 0 1818 1044 0 0 0 0 0 1120 1044 0 0 0 0 0 0
   7       3 loop3 323 0 3342 1892 0 0 0 0 0 1780 1892 0 0 0 0 0 0
   7       4 loop4 333 0 3384 1164 0 0 0 0 0 1244 1164 0 0 0 0 0 0
   7       5 loop5 462 0 4086 7883 0 0 0 0 0 3104 7883 0 0 0 0 0 0
   7       6 loop6 542 0 4482 2404 0 0 0 0 0 2320 2404 0 0 0 0 0 0
   7       7 loop7 467 0 4150 2106 0 0 0 0 0 2032 2106 0 0 0 0 0 0
   8       0 sda 381672 86434 47591992 1748614 40386779 19631764 1589830074 313108521 0 30381384 314857135 0 0 0 0 0 0
   8       1 sda1 366 1005 28182 2721 2 0 2 0 0 1324 2722 0 0 0 0 0 0
   8       2 sda2 4 0 8 23 0 0 0 0 0 40 23 0 0 0 0 0 0
   8       5 sda5 380502 85429 47534258 1743639 40386777 19631764 1589830072 313108520 0 30379800 314852159 0 0 0 0 0 0
   7       8 loop8 1733 0 9790 1616 0 0 0 0 0 1308 1616 0 0 0 0 0 0
   7       9 loop9 83 0 870 677 0 0 0 0 0 716 677 0 0 0 0 0 0
   7      12 loop12 576 0 39440 6400 0 0 0 0 0 8216 6400 0 0 0 0 0 0
   7      11 loop11 51 0 732 726 0 0 0 0 0 740 726 0 0 0 0 0 0
   7      10 loop10 437 0 2242 874 0 0 0 0 0 952 874 0 0 0 0 0 0
   7      13 loop13 299 0 1282 2 0 0 0 0 0 96 2 0 0 0 0 0 0
